0,000E+0	2,800E-2
1,001E-2	2,840E-2
2,002E-2	2,760E-2
3,003E-2	2,840E-2
4,003E-2	2,760E-2
5,004E-2	2,800E-2
6,005E-2	2,760E-2
7,006E-2	2,760E-2
8,007E-2	2,760E-2
9,008E-2	2,760E-2
1,001E-1	2,800E-2
1,101E-1	2,760E-2
1,201E-1	2,840E-2
1,301E-1	2,760E-2
1,401E-1	2,840E-2
1,501E-1	2,760E-2
1,601E-1	2,840E-2
1,701E-1	2,760E-2
1,802E-1	2,800E-2
1,902E-1	2,760E-2
2,002E-1	2,760E-2
2,102E-1	2,800E-2
2,202E-1	2,760E-2
2,302E-1	2,840E-2
2,402E-1	2,760E-2
2,502E-1	2,840E-2
2,602E-1	2,800E-2
2,702E-1	2,840E-2
2,802E-1	2,760E-2
2,902E-1	2,760E-2
3,003E-1	2,760E-2
3,103E-1	2,760E-2
3,203E-1	2,800E-2
3,303E-1	2,800E-2
3,403E-1	2,840E-2
3,503E-1	2,800E-2
3,603E-1	2,840E-2
3,703E-1	2,720E-2
3,803E-1	2,760E-2
3,903E-1	2,760E-2
4,003E-1	2,760E-2
4,103E-1	2,800E-2
4,204E-1	2,760E-2
4,304E-1	2,840E-2
4,404E-1	2,800E-2
4,504E-1	2,840E-2
4,604E-1	2,720E-2
4,704E-1	2,800E-2
4,804E-1	2,760E-2
4,904E-1	2,760E-2
5,004E-1	2,720E-2
5,104E-1	2,760E-2
5,204E-1	2,800E-2
5,304E-1	2,760E-2
5,405E-1	2,840E-2
5,505E-1	2,760E-2
5,605E-1	2,840E-2
5,705E-1	2,760E-2
5,805E-1	2,840E-2
5,905E-1	2,760E-2
6,005E-1	2,760E-2
6,105E-1	2,760E-2
6,205E-1	2,760E-2
6,305E-1	2,800E-2
6,405E-1	2,760E-2
6,505E-1	2,840E-2
6,606E-1	2,760E-2
6,706E-1	2,840E-2
6,806E-1	2,800E-2
6,906E-1	2,800E-2
7,006E-1	2,720E-2
7,106E-1	2,760E-2
7,206E-1	2,760E-2
7,306E-1	2,760E-2
7,406E-1	2,800E-2
7,506E-1	2,800E-2
7,606E-1	2,840E-2
7,706E-1	2,760E-2
7,807E-1	2,840E-2
7,907E-1	2,760E-2
8,007E-1	2,760E-2
8,107E-1	2,760E-2
8,207E-1	2,760E-2
8,307E-1	2,800E-2
8,407E-1	2,760E-2
8,507E-1	2,840E-2
8,607E-1	2,800E-2
8,707E-1	2,840E-2
8,807E-1	2,760E-2
8,907E-1	2,760E-2
9,008E-1	2,760E-2
9,108E-1	2,760E-2
9,208E-1	2,840E-2
9,308E-1	2,760E-2
9,408E-1	2,840E-2
9,508E-1	2,800E-2
9,608E-1	2,840E-2
9,708E-1	2,800E-2
9,808E-1	2,800E-2
9,908E-1	2,760E-2
1,001E+0	2,760E-2
1,011E+0	2,760E-2
1,021E+0	2,760E-2
1,031E+0	2,840E-2
1,041E+0	2,760E-2
1,051E+0	2,840E-2
1,061E+0	2,800E-2
1,071E+0	2,760E-2
1,081E+0	2,760E-2
1,091E+0	2,760E-2
1,101E+0	2,760E-2
1,111E+0	2,760E-2
1,121E+0	2,800E-2
1,131E+0	2,760E-2
1,141E+0	2,840E-2
1,151E+0	2,760E-2
1,161E+0	2,760E-2
1,171E+0	2,760E-2
1,181E+0	2,760E-2
1,191E+0	2,760E-2
1,201E+0	2,760E-2
1,211E+0	2,840E-2
1,221E+0	2,800E-2
1,231E+0	2,840E-2
1,241E+0	2,800E-2
1,251E+0	2,800E-2
1,261E+0	2,720E-2
1,271E+0	2,760E-2
1,281E+0	2,760E-2
1,291E+0	2,760E-2
1,301E+0	2,840E-2
1,311E+0	2,760E-2
1,321E+0	2,840E-2
1,331E+0	2,840E-2
1,341E+0	2,840E-2
1,351E+0	2,720E-2
1,361E+0	2,800E-2
1,371E+0	2,760E-2
1,381E+0	2,760E-2
1,391E+0	2,800E-2
1,401E+0	2,760E-2
1,411E+0	2,840E-2
1,421E+0	2,760E-2
1,431E+0	2,840E-2
1,441E+0	2,760E-2
1,451E+0	2,800E-2
1,461E+0	2,760E-2
1,471E+0	2,760E-2
1,481E+0	2,800E-2
1,491E+0	2,760E-2
1,501E+0	2,840E-2
1,511E+0	2,760E-2
1,521E+0	2,840E-2
1,531E+0	2,760E-2
1,541E+0	2,800E-2
1,551E+0	2,760E-2
1,561E+0	2,760E-2
1,571E+0	2,760E-2
1,581E+0	2,760E-2
1,591E+0	2,840E-2
1,601E+0	2,760E-2
1,611E+0	2,840E-2
1,621E+0	2,760E-2
1,631E+0	2,840E-2
1,641E+0	2,760E-2
1,651E+0	2,760E-2
1,661E+0	2,800E-2
1,671E+0	2,760E-2
1,681E+0	2,840E-2
1,691E+0	2,800E-2
1,701E+0	2,840E-2
1,711E+0	2,760E-2
1,721E+0	2,840E-2
1,731E+0	2,760E-2
1,741E+0	2,760E-2
1,751E+0	2,800E-2
1,761E+0	2,800E-2
1,771E+0	2,840E-2
1,781E+0	2,800E-2
1,791E+0	2,800E-2
1,802E+0	2,760E-2
1,812E+0	2,760E-2
1,822E+0	2,800E-2
1,832E+0	2,760E-2
1,842E+0	2,840E-2
1,852E+0	2,760E-2
1,862E+0	2,840E-2
1,872E+0	2,800E-2
1,882E+0	2,840E-2
1,892E+0	2,760E-2
1,902E+0	2,760E-2
1,912E+0	2,760E-2
1,922E+0	2,760E-2
1,932E+0	2,840E-2
1,942E+0	2,800E-2
1,952E+0	2,840E-2
1,962E+0	2,760E-2
1,972E+0	2,760E-2
1,982E+0	2,760E-2
1,992E+0	2,760E-2
2,002E+0	2,760E-2
2,012E+0	2,760E-2
2,022E+0	2,840E-2
2,032E+0	2,800E-2
2,042E+0	2,840E-2
2,052E+0	2,800E-2
2,062E+0	2,800E-2
2,072E+0	2,720E-2
2,082E+0	2,720E-2
2,092E+0	2,800E-2
2,102E+0	2,800E-2
2,112E+0	2,800E-2
2,122E+0	2,800E-2
2,132E+0	2,840E-2
2,142E+0	2,760E-2
2,152E+0	2,840E-2
2,162E+0	2,760E-2
2,172E+0	2,760E-2
2,182E+0	2,800E-2
2,192E+0	2,760E-2
2,202E+0	2,840E-2
2,212E+0	2,800E-2
2,222E+0	2,880E-2
2,232E+0	2,800E-2
2,242E+0	2,800E-2
2,252E+0	2,760E-2
2,262E+0	2,760E-2
2,272E+0	2,760E-2
2,282E+0	2,760E-2
2,292E+0	2,840E-2
2,302E+0	2,760E-2
2,312E+0	2,840E-2
2,322E+0	2,760E-2
2,332E+0	2,760E-2
2,342E+0	2,760E-2
2,352E+0	2,760E-2
2,362E+0	2,800E-2
2,372E+0	2,760E-2
2,382E+0	2,840E-2
2,392E+0	2,840E-2
2,402E+0	2,840E-2
2,412E+0	2,800E-2
2,422E+0	2,800E-2
2,432E+0	2,760E-2
2,442E+0	2,760E-2
2,452E+0	2,760E-2
2,462E+0	2,760E-2
2,472E+0	2,840E-2
2,482E+0	2,800E-2
2,492E+0	2,840E-2
2,502E+0	2,800E-2
2,512E+0	2,800E-2
2,522E+0	2,760E-2
2,532E+0	2,760E-2
2,542E+0	2,840E-2
2,552E+0	2,760E-2
2,562E+0	2,840E-2
2,572E+0	2,800E-2
2,582E+0	2,840E-2
2,592E+0	2,760E-2
2,602E+0	2,840E-2
2,612E+0	2,720E-2
2,622E+0	2,760E-2
2,632E+0	2,840E-2
2,642E+0	2,800E-2
2,652E+0	2,840E-2
2,662E+0	2,760E-2
2,672E+0	2,800E-2
2,682E+0	2,760E-2
2,692E+0	2,760E-2
2,702E+0	2,760E-2
2,712E+0	2,760E-2
2,722E+0	2,760E-2
2,732E+0	2,760E-2
2,742E+0	2,840E-2
2,752E+0	2,760E-2
2,762E+0	2,840E-2
2,772E+0	2,760E-2
2,782E+0	2,800E-2
2,792E+0	2,760E-2
2,802E+0	2,720E-2
2,812E+0	2,760E-2
2,822E+0	2,760E-2
2,832E+0	2,800E-2
2,842E+0	2,760E-2
2,852E+0	2,840E-2
2,862E+0	2,800E-2
2,872E+0	2,800E-2
2,882E+0	2,760E-2
2,892E+0	2,760E-2
2,902E+0	2,760E-2
2,912E+0	2,760E-2
2,922E+0	2,840E-2
2,932E+0	2,800E-2
2,942E+0	2,840E-2
2,952E+0	2,760E-2
2,962E+0	2,800E-2
2,972E+0	2,760E-2
2,982E+0	2,760E-2
2,992E+0	2,800E-2
3,003E+0	2,800E-2
3,013E+0	2,840E-2
3,023E+0	2,760E-2
3,033E+0	2,840E-2
3,043E+0	2,760E-2
3,053E+0	2,760E-2
3,063E+0	2,720E-2
3,073E+0	2,720E-2
3,083E+0	2,720E-2
3,093E+0	2,680E-2
3,103E+0	2,760E-2
3,113E+0	2,680E-2
3,123E+0	2,720E-2
3,133E+0	2,680E-2
3,143E+0	2,680E-2
3,153E+0	2,600E-2
3,163E+0	2,600E-2
3,173E+0	2,640E-2
3,183E+0	2,600E-2
3,193E+0	2,680E-2
3,203E+0	2,600E-2
3,213E+0	2,600E-2
3,223E+0	2,520E-2
3,233E+0	2,520E-2
3,243E+0	2,480E-2
3,253E+0	2,520E-2
3,263E+0	2,520E-2
3,273E+0	2,480E-2
3,283E+0	2,520E-2
3,293E+0	2,440E-2
3,303E+0	2,440E-2
3,313E+0	2,400E-2
3,323E+0	2,360E-2
3,333E+0	2,360E-2
3,343E+0	2,400E-2
3,353E+0	2,400E-2
3,363E+0	2,360E-2
3,373E+0	2,400E-2
3,383E+0	2,360E-2
3,393E+0	2,360E-2
3,403E+0	2,240E-2
3,413E+0	2,280E-2
3,423E+0	2,280E-2
3,433E+0	2,240E-2
3,443E+0	2,280E-2
3,453E+0	2,240E-2
3,463E+0	2,280E-2
3,473E+0	2,200E-2
3,483E+0	2,200E-2
3,493E+0	2,120E-2
3,503E+0	2,200E-2
3,513E+0	2,120E-2
3,523E+0	2,120E-2
3,533E+0	2,200E-2
3,543E+0	2,160E-2
3,553E+0	2,200E-2
3,563E+0	2,120E-2
3,573E+0	2,120E-2
3,583E+0	2,080E-2
3,593E+0	2,080E-2
3,603E+0	2,080E-2
3,613E+0	2,040E-2
3,623E+0	2,080E-2
3,633E+0	2,040E-2
3,643E+0	2,080E-2
3,653E+0	2,080E-2
3,663E+0	2,080E-2
3,673E+0	2,040E-2
3,683E+0	2,080E-2
3,693E+0	2,000E-2
3,703E+0	2,000E-2
3,713E+0	1,920E-2
3,723E+0	1,960E-2
3,733E+0	1,960E-2
3,743E+0	1,920E-2
3,753E+0	1,960E-2
3,763E+0	1,960E-2
3,773E+0	2,000E-2
3,783E+0	1,920E-2
3,793E+0	1,920E-2
3,803E+0	1,880E-2
3,813E+0	1,880E-2
3,823E+0	1,880E-2
3,833E+0	1,880E-2
3,843E+0	1,920E-2
3,853E+0	1,880E-2
3,863E+0	1,880E-2
3,873E+0	1,840E-2
3,883E+0	1,880E-2
3,893E+0	1,840E-2
3,903E+0	1,800E-2
3,913E+0	1,840E-2
3,923E+0	1,840E-2
3,933E+0	1,880E-2
3,943E+0	1,800E-2
3,953E+0	1,880E-2
3,963E+0	1,800E-2
3,973E+0	1,800E-2
3,983E+0	1,760E-2
3,993E+0	1,760E-2
4,003E+0	1,760E-2
4,013E+0	1,760E-2
4,023E+0	1,760E-2
4,033E+0	1,760E-2
4,043E+0	1,800E-2
4,053E+0	1,760E-2
4,063E+0	1,800E-2
4,073E+0	1,760E-2
4,083E+0	1,720E-2
4,093E+0	1,720E-2
4,103E+0	1,720E-2
4,113E+0	1,720E-2
4,123E+0	1,720E-2
4,133E+0	1,760E-2
4,143E+0	1,720E-2
4,153E+0	1,720E-2
4,163E+0	1,640E-2
4,173E+0	1,720E-2
4,183E+0	1,680E-2
4,193E+0	1,640E-2
4,204E+0	1,720E-2
4,214E+0	1,640E-2
4,224E+0	1,720E-2
4,234E+0	1,640E-2
4,244E+0	1,680E-2
4,254E+0	1,640E-2
4,264E+0	1,640E-2
4,274E+0	1,640E-2
4,284E+0	1,600E-2
4,294E+0	1,640E-2
4,304E+0	1,640E-2
4,314E+0	1,680E-2
4,324E+0	1,560E-2
4,334E+0	1,640E-2
4,344E+0	1,560E-2
4,354E+0	1,600E-2
4,364E+0	1,600E-2
4,374E+0	1,600E-2
4,384E+0	1,640E-2
4,394E+0	1,600E-2
4,404E+0	1,640E-2
4,414E+0	1,600E-2
4,424E+0	1,640E-2
4,434E+0	1,560E-2
4,444E+0	1,560E-2
4,454E+0	1,520E-2
4,464E+0	1,560E-2
4,474E+0	1,560E-2
4,484E+0	1,520E-2
4,494E+0	1,560E-2
4,504E+0	1,560E-2
4,514E+0	1,640E-2
4,524E+0	1,560E-2
4,534E+0	1,600E-2
4,544E+0	1,520E-2
4,554E+0	1,560E-2
4,564E+0	1,480E-2
4,574E+0	1,480E-2
4,584E+0	1,520E-2
4,594E+0	1,480E-2
4,604E+0	1,560E-2
4,614E+0	1,520E-2
4,624E+0	1,560E-2
4,634E+0	1,480E-2
4,644E+0	1,480E-2
4,654E+0	1,440E-2
4,664E+0	1,480E-2
4,674E+0	1,480E-2
4,684E+0	1,480E-2
4,694E+0	1,520E-2
4,704E+0	1,480E-2
4,714E+0	1,520E-2
4,724E+0	1,480E-2
4,734E+0	1,520E-2
4,744E+0	1,440E-2
4,754E+0	1,480E-2
4,764E+0	1,440E-2
4,774E+0	1,440E-2
4,784E+0	1,480E-2
4,794E+0	1,440E-2
4,804E+0	1,480E-2
4,814E+0	1,440E-2
4,824E+0	1,480E-2
4,834E+0	1,440E-2
4,844E+0	1,480E-2
4,854E+0	1,400E-2
4,864E+0	1,440E-2
4,874E+0	1,400E-2
4,884E+0	1,400E-2
4,894E+0	1,400E-2
4,904E+0	1,440E-2
4,914E+0	1,440E-2
4,924E+0	1,400E-2
4,934E+0	1,480E-2
4,944E+0	1,440E-2
4,954E+0	1,440E-2
4,964E+0	1,400E-2
4,974E+0	1,400E-2
4,984E+0	1,400E-2
4,994E+0	1,400E-2
5,004E+0	1,440E-2
5,014E+0	1,400E-2
5,024E+0	1,480E-2
5,034E+0	1,400E-2
5,044E+0	1,400E-2
5,054E+0	1,360E-2
5,064E+0	1,360E-2
5,074E+0	1,400E-2
5,084E+0	1,400E-2
5,094E+0	1,440E-2
5,104E+0	1,400E-2
5,114E+0	1,400E-2
5,124E+0	1,360E-2
5,134E+0	1,360E-2
5,144E+0	1,320E-2
5,154E+0	1,360E-2
5,164E+0	1,320E-2
5,174E+0	1,360E-2
5,184E+0	1,400E-2
5,194E+0	1,320E-2
5,204E+0	1,400E-2
5,214E+0	1,400E-2
5,224E+0	1,440E-2
5,234E+0	1,360E-2
5,244E+0	1,400E-2
5,254E+0	1,280E-2
5,264E+0	1,320E-2
5,274E+0	1,320E-2
5,284E+0	1,320E-2
5,294E+0	1,360E-2
5,304E+0	1,320E-2
5,314E+0	1,400E-2
5,324E+0	1,320E-2
5,334E+0	1,400E-2
5,344E+0	1,320E-2
5,354E+0	1,320E-2
5,364E+0	1,280E-2
5,374E+0	1,320E-2
5,384E+0	1,320E-2
5,394E+0	1,320E-2
5,405E+0	1,360E-2
5,415E+0	1,320E-2
5,425E+0	1,360E-2
5,435E+0	1,280E-2
5,445E+0	1,320E-2
5,455E+0	1,280E-2
5,465E+0	1,280E-2
5,475E+0	1,320E-2
5,485E+0	1,320E-2
5,495E+0	1,360E-2
5,505E+0	1,280E-2
5,515E+0	1,360E-2
5,525E+0	1,280E-2
5,535E+0	1,320E-2
5,545E+0	1,240E-2
5,555E+0	1,280E-2
5,565E+0	1,280E-2
5,575E+0	1,240E-2
5,585E+0	1,320E-2
5,595E+0	1,280E-2
5,605E+0	1,320E-2
5,615E+0	1,280E-2
5,625E+0	1,320E-2
5,635E+0	1,240E-2
5,645E+0	1,280E-2
5,655E+0	1,240E-2
5,665E+0	1,240E-2
5,675E+0	1,240E-2
5,685E+0	1,240E-2
5,695E+0	1,280E-2
5,705E+0	1,280E-2
5,715E+0	1,320E-2
5,725E+0	1,240E-2
5,735E+0	1,280E-2
5,745E+0	1,240E-2
5,755E+0	1,280E-2
5,765E+0	1,240E-2
5,775E+0	1,280E-2
5,785E+0	1,240E-2
5,795E+0	1,240E-2
5,805E+0	1,320E-2
5,815E+0	1,280E-2
5,825E+0	1,280E-2
5,835E+0	1,240E-2
5,845E+0	1,240E-2
5,855E+0	1,240E-2
5,865E+0	1,240E-2
5,875E+0	1,280E-2
5,885E+0	1,240E-2
5,895E+0	1,320E-2
5,905E+0	1,240E-2
5,915E+0	1,280E-2
5,925E+0	1,200E-2
5,935E+0	1,240E-2
5,945E+0	1,200E-2
5,955E+0	1,240E-2
5,965E+0	1,240E-2
5,975E+0	1,240E-2
5,985E+0	1,240E-2
5,995E+0	1,240E-2
6,005E+0	1,280E-2
6,015E+0	1,240E-2
6,025E+0	1,280E-2
6,035E+0	1,240E-2
6,045E+0	1,240E-2
6,055E+0	1,200E-2
6,065E+0	1,240E-2
6,075E+0	1,200E-2
6,085E+0	1,200E-2
6,095E+0	1,240E-2
6,105E+0	1,240E-2
6,115E+0	1,240E-2
6,125E+0	1,240E-2
6,135E+0	1,240E-2
6,145E+0	1,200E-2
6,155E+0	1,240E-2
6,165E+0	1,160E-2
6,175E+0	1,200E-2
6,185E+0	1,240E-2
6,195E+0	1,240E-2
6,205E+0	1,280E-2
6,215E+0	1,240E-2
6,225E+0	1,240E-2
6,235E+0	1,160E-2
6,245E+0	1,200E-2
6,255E+0	1,200E-2
6,265E+0	1,160E-2
6,275E+0	1,240E-2
6,285E+0	1,160E-2
6,295E+0	1,240E-2
6,305E+0	1,200E-2
6,315E+0	1,240E-2
6,325E+0	1,160E-2
6,335E+0	1,200E-2
6,345E+0	1,160E-2
6,355E+0	1,200E-2
6,365E+0	1,240E-2
6,375E+0	1,160E-2
6,385E+0	1,240E-2
6,395E+0	1,200E-2
6,405E+0	1,240E-2
6,415E+0	1,160E-2
6,425E+0	1,160E-2
6,435E+0	1,160E-2
6,445E+0	1,160E-2
6,455E+0	1,240E-2
6,465E+0	1,160E-2
6,475E+0	1,240E-2
6,485E+0	1,160E-2
6,495E+0	1,160E-2
6,505E+0	1,120E-2
6,515E+0	1,160E-2
6,525E+0	1,160E-2
6,535E+0	1,160E-2
6,545E+0	1,240E-2
6,555E+0	1,160E-2
6,565E+0	1,240E-2
6,575E+0	1,160E-2
6,585E+0	1,160E-2
6,595E+0	1,120E-2
6,606E+0	1,160E-2
6,616E+0	1,200E-2
6,626E+0	1,160E-2
6,636E+0	1,240E-2
6,646E+0	1,160E-2
6,656E+0	1,200E-2
6,666E+0	1,160E-2
6,676E+0	1,160E-2
6,686E+0	1,120E-2
6,696E+0	1,160E-2
6,706E+0	1,160E-2
6,716E+0	1,160E-2
6,726E+0	1,240E-2
6,736E+0	1,160E-2
6,746E+0	1,160E-2
6,756E+0	1,080E-2
6,766E+0	1,120E-2
6,776E+0	1,120E-2
6,786E+0	1,120E-2
6,796E+0	1,160E-2
6,806E+0	1,160E-2
6,816E+0	1,200E-2
6,826E+0	1,160E-2
6,836E+0	1,200E-2
6,846E+0	1,160E-2
6,856E+0	1,160E-2
6,866E+0	1,120E-2
6,876E+0	1,160E-2
6,886E+0	1,120E-2
6,896E+0	1,120E-2
6,906E+0	1,120E-2
6,916E+0	1,120E-2
6,926E+0	1,160E-2
6,936E+0	1,160E-2
6,946E+0	1,160E-2
6,956E+0	1,120E-2
6,966E+0	1,160E-2
6,976E+0	1,080E-2
6,986E+0	1,080E-2
6,996E+0	1,120E-2
7,006E+0	1,120E-2
7,016E+0	1,160E-2
7,026E+0	1,120E-2
7,036E+0	1,160E-2
7,046E+0	1,080E-2
7,056E+0	1,120E-2
7,066E+0	1,080E-2
7,076E+0	1,080E-2
7,086E+0	1,120E-2
7,096E+0	1,080E-2
7,106E+0	1,160E-2
7,116E+0	1,120E-2
7,126E+0	1,160E-2
7,136E+0	1,120E-2
7,146E+0	1,120E-2
7,156E+0	1,080E-2
7,166E+0	1,120E-2
7,176E+0	1,080E-2
7,186E+0	1,120E-2
7,196E+0	1,160E-2
7,206E+0	1,080E-2
7,216E+0	1,160E-2
7,226E+0	1,120E-2
7,236E+0	1,120E-2
7,246E+0	1,080E-2
7,256E+0	1,120E-2
7,266E+0	1,120E-2
7,276E+0	1,120E-2
7,286E+0	1,160E-2
7,296E+0	1,120E-2
7,306E+0	1,120E-2
7,316E+0	1,080E-2
7,326E+0	1,080E-2
7,336E+0	1,040E-2
7,346E+0	1,080E-2
7,356E+0	1,120E-2
7,366E+0	1,120E-2
7,376E+0	1,160E-2
7,386E+0	1,080E-2
7,396E+0	1,120E-2
7,406E+0	1,080E-2
7,416E+0	1,080E-2
7,426E+0	1,080E-2
7,436E+0	1,080E-2
7,446E+0	1,120E-2
7,456E+0	1,080E-2
7,466E+0	1,120E-2
7,476E+0	1,120E-2
7,486E+0	1,160E-2
7,496E+0	1,080E-2
7,506E+0	1,080E-2
7,516E+0	1,040E-2
7,526E+0	1,080E-2
7,536E+0	1,080E-2
7,546E+0	1,040E-2
7,556E+0	1,160E-2
7,566E+0	1,080E-2
7,576E+0	1,160E-2
7,586E+0	1,080E-2
7,596E+0	1,080E-2
7,606E+0	1,080E-2
7,616E+0	1,080E-2
7,626E+0	1,120E-2
7,636E+0	1,080E-2
7,646E+0	1,160E-2
7,656E+0	1,080E-2
7,666E+0	1,120E-2
7,676E+0	1,080E-2
7,686E+0	1,080E-2
7,696E+0	1,080E-2
7,706E+0	1,040E-2
7,716E+0	1,120E-2
7,726E+0	1,080E-2
7,736E+0	1,120E-2
7,746E+0	1,080E-2
7,756E+0	1,120E-2
7,766E+0	1,040E-2
7,776E+0	1,080E-2
7,786E+0	1,080E-2
7,796E+0	1,160E-2
7,807E+0	1,120E-2
7,817E+0	1,080E-2
7,827E+0	1,120E-2
7,837E+0	1,080E-2
7,847E+0	1,080E-2
7,857E+0	1,080E-2
7,867E+0	1,080E-2
7,877E+0	1,080E-2
7,887E+0	1,080E-2
7,897E+0	1,120E-2
7,907E+0	1,080E-2
7,917E+0	1,120E-2
7,927E+0	1,080E-2
7,937E+0	1,080E-2
7,947E+0	1,000E-2
7,957E+0	1,040E-2
7,967E+0	1,080E-2
7,977E+0	1,080E-2
7,987E+0	1,080E-2
7,997E+0	1,080E-2
8,007E+0	1,120E-2
8,017E+0	1,040E-2
8,027E+0	1,080E-2
8,037E+0	1,000E-2
8,047E+0	1,040E-2
8,057E+0	1,080E-2
8,067E+0	1,080E-2
8,077E+0	1,120E-2
8,087E+0	1,080E-2
8,097E+0	1,080E-2
8,107E+0	1,000E-2
8,117E+0	1,040E-2
8,127E+0	1,040E-2
8,137E+0	1,080E-2
8,147E+0	1,040E-2
8,157E+0	1,080E-2
8,167E+0	1,120E-2
8,177E+0	1,080E-2
8,187E+0	1,080E-2
8,197E+0	1,040E-2
8,207E+0	1,040E-2
8,217E+0	1,080E-2
8,227E+0	1,000E-2
8,237E+0	1,040E-2
8,247E+0	1,040E-2
8,257E+0	1,120E-2
8,267E+0	1,040E-2
8,277E+0	1,080E-2
8,287E+0	1,040E-2
8,297E+0	1,120E-2
8,307E+0	1,040E-2
8,317E+0	1,080E-2
8,327E+0	1,000E-2
8,337E+0	1,000E-2
8,347E+0	1,080E-2
8,357E+0	1,080E-2
8,367E+0	1,080E-2
8,377E+0	1,040E-2
8,387E+0	1,080E-2
8,397E+0	1,080E-2
8,407E+0	1,040E-2
8,417E+0	1,040E-2
8,427E+0	1,040E-2
8,437E+0	1,080E-2
8,447E+0	1,000E-2
8,457E+0	1,120E-2
8,467E+0	1,040E-2
8,477E+0	1,080E-2
8,487E+0	1,000E-2
8,497E+0	1,040E-2
8,507E+0	1,040E-2
8,517E+0	1,040E-2
8,527E+0	1,080E-2
8,537E+0	1,040E-2
8,547E+0	1,080E-2
8,557E+0	1,000E-2
8,567E+0	1,040E-2
8,577E+0	1,000E-2
8,587E+0	1,000E-2
8,597E+0	1,080E-2
8,607E+0	1,040E-2
8,617E+0	1,080E-2
8,627E+0	1,000E-2
8,637E+0	1,040E-2
8,647E+0	9,600E-3
8,657E+0	1,000E-2
8,667E+0	1,000E-2
8,677E+0	1,040E-2
8,687E+0	1,080E-2
8,697E+0	1,040E-2
8,707E+0	1,120E-2
8,717E+0	1,040E-2
8,727E+0	1,040E-2
8,737E+0	1,000E-2
8,747E+0	1,000E-2
8,757E+0	1,040E-2
8,767E+0	1,000E-2
8,777E+0	1,080E-2
8,787E+0	1,000E-2
8,797E+0	1,080E-2
8,807E+0	9,600E-3
8,817E+0	1,000E-2
8,827E+0	1,000E-2
8,837E+0	1,000E-2
8,847E+0	1,080E-2
8,857E+0	1,080E-2
8,867E+0	1,080E-2
8,877E+0	1,000E-2
8,887E+0	1,040E-2
8,897E+0	1,000E-2
8,907E+0	1,000E-2
8,917E+0	1,080E-2
8,927E+0	1,000E-2
8,937E+0	1,080E-2
8,947E+0	1,000E-2
8,957E+0	1,120E-2
8,967E+0	1,040E-2
8,977E+0	1,000E-2
8,987E+0	1,000E-2
8,997E+0	1,000E-2
9,008E+0	1,040E-2
9,018E+0	1,040E-2
9,028E+0	1,080E-2
9,038E+0	1,000E-2
9,048E+0	1,080E-2
9,058E+0	1,000E-2
9,068E+0	1,000E-2
9,078E+0	9,600E-3
9,088E+0	1,000E-2
9,098E+0	1,040E-2
9,108E+0	1,040E-2
9,118E+0	1,080E-2
9,128E+0	1,000E-2
9,138E+0	1,080E-2
9,148E+0	1,040E-2
9,158E+0	1,120E-2
9,168E+0	1,000E-2
9,178E+0	1,000E-2
9,188E+0	9,600E-3
9,198E+0	1,000E-2
9,208E+0	1,040E-2
9,218E+0	1,040E-2
9,228E+0	1,080E-2
9,238E+0	1,040E-2
9,248E+0	1,080E-2
9,258E+0	1,000E-2
9,268E+0	1,000E-2
9,278E+0	1,000E-2
9,288E+0	1,000E-2
9,298E+0	1,040E-2
9,308E+0	1,000E-2
9,318E+0	1,080E-2
9,328E+0	1,000E-2
9,338E+0	1,080E-2
9,348E+0	1,000E-2
9,358E+0	1,000E-2
9,368E+0	1,000E-2
9,378E+0	1,000E-2
9,388E+0	1,040E-2
9,398E+0	1,000E-2
9,408E+0	1,080E-2
9,418E+0	1,040E-2
9,428E+0	1,080E-2
9,438E+0	1,000E-2
9,448E+0	1,000E-2
9,458E+0	1,000E-2
9,468E+0	1,000E-2
9,478E+0	1,040E-2
9,488E+0	1,000E-2
9,498E+0	1,080E-2
9,508E+0	1,000E-2
9,518E+0	1,080E-2
9,528E+0	1,000E-2
9,538E+0	1,000E-2
9,548E+0	9,600E-3
9,558E+0	1,000E-2
9,568E+0	1,000E-2
9,578E+0	1,040E-2
9,588E+0	1,080E-2
9,598E+0	1,000E-2
9,608E+0	1,080E-2
9,618E+0	1,000E-2
9,628E+0	1,000E-2
9,638E+0	1,000E-2
9,648E+0	1,000E-2
9,658E+0	1,040E-2
9,668E+0	1,000E-2
9,678E+0	1,080E-2
9,688E+0	1,000E-2
9,698E+0	1,000E-2
9,708E+0	1,000E-2
9,718E+0	1,000E-2
9,728E+0	1,000E-2
9,738E+0	1,000E-2
9,748E+0	1,080E-2
9,758E+0	1,000E-2
9,768E+0	1,080E-2
9,778E+0	1,000E-2
9,788E+0	1,000E-2
9,798E+0	9,600E-3
9,808E+0	1,000E-2
9,818E+0	1,000E-2
9,828E+0	1,000E-2
9,838E+0	1,080E-2
9,848E+0	1,000E-2
9,858E+0	1,040E-2
9,868E+0	1,000E-2
9,878E+0	1,040E-2
9,888E+0	9,600E-3
9,898E+0	1,000E-2
9,908E+0	1,000E-2
9,918E+0	1,000E-2
9,928E+0	1,000E-2
9,938E+0	1,000E-2
9,948E+0	1,080E-2
9,958E+0	1,000E-2
9,968E+0	1,080E-2
9,978E+0	1,000E-2
9,988E+0	1,000E-2
9,998E+0	9,600E-3
1,001E+1	1,000E-2
1,002E+1	1,000E-2
1,003E+1	1,000E-2
1,004E+1	1,040E-2
1,005E+1	1,000E-2
1,006E+1	1,080E-2
1,007E+1	1,000E-2
1,008E+1	1,040E-2
1,009E+1	9,600E-3
1,010E+1	9,600E-3
1,011E+1	9,600E-3
1,012E+1	9,600E-3
1,013E+1	1,040E-2
1,014E+1	1,000E-2
1,015E+1	1,080E-2
1,016E+1	1,000E-2
1,017E+1	1,000E-2
1,018E+1	9,600E-3
1,019E+1	1,000E-2
1,020E+1	1,000E-2
1,021E+1	9,600E-3
1,022E+1	1,000E-2
1,023E+1	1,000E-2
1,024E+1	1,080E-2
1,025E+1	1,000E-2
1,026E+1	1,040E-2
1,027E+1	9,600E-3
1,028E+1	1,000E-2
1,029E+1	9,200E-3
1,030E+1	1,000E-2
1,031E+1	1,000E-2
1,032E+1	1,000E-2
1,033E+1	1,040E-2
1,034E+1	1,000E-2
1,035E+1	1,040E-2
1,036E+1	1,040E-2
1,037E+1	1,040E-2
1,038E+1	1,000E-2
1,039E+1	1,000E-2
1,040E+1	9,600E-3
1,041E+1	9,600E-3
1,042E+1	1,000E-2
1,043E+1	1,000E-2
1,044E+1	1,040E-2
1,045E+1	1,000E-2
1,046E+1	1,080E-2
1,047E+1	9,600E-3
1,048E+1	1,000E-2
1,049E+1	9,600E-3
1,050E+1	1,000E-2
1,051E+1	1,000E-2
1,052E+1	1,000E-2
1,053E+1	1,040E-2
1,054E+1	1,000E-2
1,055E+1	1,040E-2
1,056E+1	9,600E-3
1,057E+1	1,000E-2
1,058E+1	9,600E-3
1,059E+1	9,600E-3
1,060E+1	1,000E-2
1,061E+1	1,000E-2
1,062E+1	1,040E-2
1,063E+1	9,600E-3
1,064E+1	1,080E-2
1,065E+1	1,000E-2
1,066E+1	1,040E-2
1,067E+1	9,600E-3
1,068E+1	1,000E-2
1,069E+1	9,600E-3
1,070E+1	9,600E-3
1,071E+1	1,000E-2
1,072E+1	9,600E-3
1,073E+1	1,040E-2
1,074E+1	1,000E-2
1,075E+1	1,040E-2
1,076E+1	1,000E-2
1,077E+1	1,080E-2
1,078E+1	9,600E-3
1,079E+1	9,600E-3
1,080E+1	9,600E-3
1,081E+1	9,600E-3
1,082E+1	1,000E-2
1,083E+1	9,600E-3
1,084E+1	1,040E-2
1,085E+1	1,000E-2
1,086E+1	1,080E-2
1,087E+1	9,200E-3
1,088E+1	9,600E-3
1,089E+1	9,600E-3
1,090E+1	9,600E-3
1,091E+1	1,000E-2
1,092E+1	1,000E-2
1,093E+1	1,040E-2
1,094E+1	9,600E-3
1,095E+1	1,000E-2
1,096E+1	9,600E-3
1,097E+1	9,600E-3
1,098E+1	1,000E-2
1,099E+1	9,600E-3
1,100E+1	1,040E-2
1,101E+1	1,000E-2
1,102E+1	1,040E-2
1,103E+1	1,000E-2
1,104E+1	1,000E-2
1,105E+1	9,600E-3
1,106E+1	1,000E-2
1,107E+1	1,000E-2
1,108E+1	1,000E-2
1,109E+1	1,000E-2
1,110E+1	1,000E-2
1,111E+1	1,040E-2
1,112E+1	9,600E-3
1,113E+1	1,040E-2
1,114E+1	9,200E-3
1,115E+1	9,600E-3
1,116E+1	9,200E-3
1,117E+1	9,600E-3
1,118E+1	1,000E-2
1,119E+1	1,000E-2
1,120E+1	1,040E-2
1,121E+1	1,000E-2
1,122E+1	1,040E-2
1,123E+1	9,600E-3
1,124E+1	9,600E-3
1,125E+1	9,600E-3
1,126E+1	9,600E-3
1,127E+1	1,000E-2
1,128E+1	9,600E-3
1,129E+1	1,040E-2
1,130E+1	1,000E-2
1,131E+1	1,040E-2
1,132E+1	9,600E-3
1,133E+1	9,600E-3
1,134E+1	1,000E-2
1,135E+1	9,600E-3
1,136E+1	1,000E-2
1,137E+1	9,600E-3
1,138E+1	1,080E-2
1,139E+1	1,000E-2
1,140E+1	1,000E-2
1,141E+1	9,200E-3
1,142E+1	1,000E-2
1,143E+1	9,600E-3
1,144E+1	1,000E-2
1,145E+1	1,000E-2
1,146E+1	9,600E-3
1,147E+1	1,000E-2
1,148E+1	1,000E-2
1,149E+1	1,040E-2
1,150E+1	1,000E-2
1,151E+1	1,040E-2
1,152E+1	9,600E-3
1,153E+1	1,000E-2
1,154E+1	9,600E-3
1,155E+1	9,600E-3
1,156E+1	9,600E-3
1,157E+1	1,000E-2
1,158E+1	1,040E-2
1,159E+1	1,000E-2
1,160E+1	1,040E-2
1,161E+1	9,600E-3
1,162E+1	1,000E-2
1,163E+1	9,200E-3
1,164E+1	9,600E-3
1,165E+1	1,000E-2
1,166E+1	1,000E-2
1,167E+1	1,000E-2
1,168E+1	1,000E-2
1,169E+1	1,080E-2
1,170E+1	9,600E-3
1,171E+1	1,000E-2
1,172E+1	9,600E-3
1,173E+1	9,600E-3
1,174E+1	1,000E-2
1,175E+1	9,600E-3
1,176E+1	1,000E-2
1,177E+1	1,000E-2
1,178E+1	1,040E-2
1,179E+1	9,600E-3
1,180E+1	9,600E-3
1,181E+1	9,600E-3
1,182E+1	9,600E-3
1,183E+1	1,000E-2
1,184E+1	9,600E-3
1,185E+1	1,040E-2
1,186E+1	1,000E-2
1,187E+1	1,040E-2
1,188E+1	9,200E-3
1,189E+1	9,600E-3
1,190E+1	9,600E-3
1,191E+1	1,000E-2
1,192E+1	1,000E-2
1,193E+1	9,600E-3
1,194E+1	1,080E-2
1,195E+1	9,600E-3
1,196E+1	9,600E-3
1,197E+1	9,200E-3
1,198E+1	9,600E-3
1,199E+1	9,600E-3
1,200E+1	9,600E-3
